8173
6262
4408
5251
8751
7899
6728
1340
3089
6011
3657
7189
6647
2788
5113
8407
4072
3141
9166
9291
4530
1448
8817
3077
3146
8347
7356
8447
7044
4408
6913
6555
8802
5605
2386
8392
6128
844
2545
7727
8475
1591
8976
3343
4033
8341
2085
7067
3216
9010
4206
5500
3913
9598
431
7507
4419
2854
2307
4673
8516
5201
3162
4863
4817
6508
5680
523
3976
4510
3912
3486
50
6847
2639
9075
8899
9609
7108
6476
8917
1400
7934
2206
2939
7708
513
3391
6015
1637
1503
1494
6472
9980
4521
2618
127
1341
884
4701
5561
2101
8883
2843
2827
3590
878
1549
749
1316
4742
6847
2090
9428
4151
9960
788
7386
3950
673
1032
1887
7530
8441
4360
5727
2624
2888
9787
7963
2250
1758
6193
4836
765
3232
8687
8033
5214
3555
7829
373
266
474
2787
474
2610
2194
8260
6631
1080
1465
8541
5396
5784
3531
6371
3808
1133
740
3044
8844
5237
274
2612
5217
5921
3991
4892
1255
5170
2465
9608
8753
1245
4077
8345
1249
7442
4502
274
8130
8944
5450
9838
4628
4368
7183
9427
1108
493
2907
8177
6845
8762
1353
8181
4908
3918
9183
5201
544
9952
7726
1449
4719
1924
3412
8647
7848
812
3853
2032
2284
2314
5121
4796
8789
6483
8202
1695
9301
7177
9075
3750
5240
8619
2203
2718
3468
3116
9088
1216
5544
2154
9336
1996
3873
7701
5296
617
2701
5194
240
1153
544
545
7957
9071
2595
9368
9707
9978
1218
6150
2929
1613
8891
21
9237
9679
6751
1171
2122
578
632
4606
9751
1133
298
7933
1725
2062
3558
3650
9867
9661
2636
5972
8198
6393
3828
7505
8175
5946
7627
2918
1419
8138
973
6500
1220
5650
2382
2402
3623
8603
3945
4596
3141
8621
9130
7113
2449
459
1523
7381
642
3539
6932
7179
6949
8493
1908
8490
2953
6158
2106
5822
7453
7595
1015
9077
2863
1651
57
4199
1911
3680
1768
1526
1308
2898
5515
9753
6405
9193
1964
6313
3921
1813
6369
824
2974
8443
4790
6482
1255
2827
7930
6077
9534
5847
8157
3104
8729
4120
9445
9538
7698
7860
8097
9002
5846
5694
1399
1921
9497
7493
9139
2361
2037
5161
651
1260
2486
4607
1392
3850
8594
3897
7533
4443
2168
2981
7074
7175
5686
8598
8355
9216
1969
6445
7591
674
6187
7509
2824
8103
559
8313
7776
9255
4408
6498
4289
3077
3812
706
3054
2080
4093
3684
1614
2338
9445
3579
5943
4945
4501
755
2422
4738
5499
1589
7777
5728
5790
5017
7219
894
1147
5380
1157
1529
5669
7461
5701
517
336
8034
3353
990
7361
7440
8028
9650
2146
6766
6734
1675
5077
1235
3625
1869
9634
8835
1513
2730
6069
3621
7662
1027
4216
7243
5690
2141
481
842
1560
5827
8505
5542
3412
7388
3181
7570
993
9777
6883
3172
665
6752
3239
5275
4316
5839
5181
9766
2411
2174
1845
5966
5974
905
5049
2552
2687
5534
2965
8694
2525
4988
3501
5230
6603
2610
3699
3756
3876
8554
8500
1124
7787
7160
1234
9371
8090
3031
4414
3675
870
396
1977
4921
5101
9778
7856
7933
1843
4860
207
718
3798
1315
4520
7555
129
6852
5504
6674
370
1697
5359
1108
7670
9011
1079
7459
6207
8404
3664
326
5985
4069
4987
700
8855
6145
9148
8503
8491
8676
2397
3377
7910
8575
8596
5572
2098
1531
2932
9583
2697
5213
44
4695
7223
4370
5257
8360
2478
6062
2783
7392
8679
6614
8697
917
5019
2242
1033
6170
8801
4762
1367
8197
3982
3311
1968
1907
9601
9932
6245
8517
1928
4726
6555
9426
2521
8402
1937
2886
1605
2632
1220
801
685
6752
5244
7457
3056
3542
1913
4175
7667
4700
9456
4423
7697
4239
9682
5682
1001
8880
7716
1474
6450
7024
380
9786
8588
3989
9124
6906
8328
1946
4834
3236
5891
8775
7676
2706
4570
7367
9823
1709
8989
8916
2490
719
3861
2011
2897
5656
3759
1005
8181
4864
1959
870
7664
7212
4625
4362
5725
1470
2444
5717
9166
5501
2741
7687
8535
1671
5481
1731
303
4797
9698
8719
8640
6586
5968
1514
6798
2201
9710
5149
1392
9328
4032
9075
7677
4906
5567
7670
4937
295
5640
1760
9320
7568
3971
5710
606
8843
4185
1942
5739
5576
2633
4605
2913
2017
2810
4061
6102
1498
4311
537
3030
4478
8818
9018
2969
8964
1845
805
6000
1900
3766
1099
8623
461
6770
8154
1552
40
8391
5664
4501
6980
7914
6968
5457
3222
3989
8136
806
1519
890
7012
745
5265
9692
5524
4831
2995
9889
8253
2450
3762
3091
6857
5434
3991
5094
8680
9572
4921
1624
570
8319
2486
4139
4721
6136
4641
3074
6298
3810
9078
6286
2730
7759
1677
4306
3298
1641
8220
8954
8922
2772
7079
3578
6204
1683
8398
7935
6353
1825
7536
748
7162
8199
7139
12
7776
2605
4112
7425
3546
8757
9916
8890
6229
9286
5810
3361
6697
6428
2001
8076
3698
6752
422
8190
8385
6981
2224
9482
1921
4947
1015
2944
475
8870
1547
2544
813
8336
8480
9204
6642
5091
6686
1715
337
2056
2292
1249
2704
6914
7649
6837
3327
8834
1307
5203
8332
3450
3940
541
4600
1146
2262
6242
5596
5170
7674
4621
5859
5955
946
6925
1148
454
173
9986
2277
6420
364
4449
6174
3588
7119
3472
9317
485
104
4328
8336
3702
7666
1815
4571
3564
2204
2150
1886
7422
6705
5799
9360
5346
9550
1044
484
6553
4541
172
5271
3879
7703
9461
5979
7533
7455
2716
2230
4286
9106
1216
5877
8228
9933
413
8493
570
8456
9112
3590
3133
6837
7938
2247
3086
6898
460
800
5193
4140
6127
3209
7788
8760
9068
3829
7691
2983
7792
8048
2055
5065
1454
544
7288
8681
6687
7877
598
1142
7060
801
865
3871
9642
417
1198
1810
2889
6879
4368
8469
4957
389
4284
2935
3431
2247
8758
932
5928
1037
7494
3216
9214
9750
6565
4965
8960
9964
9532
173
2346
841
7191
6033
6716
6892
2525
494
5239
3591
5555
2702
5415
3039
2501
4604
4700
923
1259
5876
5060
4060
5425
4297
6913
1989
5026
2508
932
1632
8223
978
7435
2102
8015
7258
6050
4301
635
4555
3505
5077
3053
8118
5854
5377
4644
3454
631
965
6034
2
5057
2619
4645
8741
4146
2934
6869
2321
665
7526
1924
550
1838
6085
6430
3830
9137
2853
1481
9697
5966
4127
5907
5593
2506
8521
247
1545
4175
5298
1966
5493
1261
1102
4446
1549
8920
9648
5489
6403
8701
3022
8257
5441
514
8469
4489
4666
4962
7893
3010
2310
8445
6353
8926
9199
9231
1886
8494
7248
5564
9367
9796
3865
308
5225
3347
4651
9644
3624
8729
6263
1645
9632
2327
5843
2500
8057
1073
1394
9782
8945
5868
5168
5452
178
2347
539
2931
7555
6657
6601
2376
8982
8124
8520
3068
7093
2354
2864
6108
2780
411
7711
5202
6080
9478
7136
6334
8969
6436
2767
19
4580
7962
5832
3220
5700
1876
1566
6642
7887
2422
622
9754
6341
2536
8356
2867
6587
6587
341
5438
9747
3445
2658
5793
984
2226
5389
9808
646
8416
5904
6389
416
8874
9924
4062
3983
3226
9493
8194
1180
2894
6627
6879
5495
1923
3454
5262
1637
2781
2527
374
7967
901
124
214
6763
3779
7108
6488
3623
2871
2392
9634
9244
2691
5502
32
7662
679
4207
2068
3406
9929
2130
1198
7881
5466
9661
3092
6858
3550
2276
3628
8141
1152
5497
582
5557
5388
6128
9724
675
4406
9443
4916
8953
6978
1714
3760
6311
620
235
4758
9844
3644
3030
8883
5042
6867
4692
7060
9763
5270
9255
4290
9279
711
3726
3626
695
2506
4339
98
3646
3498
4874
6037
4497
4283
7877
391
5393
6179
4048
2334
2634
1312
2973
6975
9757
2535
3712
9210
6389
6142
4786
5061
4644
9717
3804
779
6029
2971
7493
771
2263
9986
3335
8907
9258
9704
3378
9909
4493
4880
1779
6822
544
280
4194
7958
429
8782
7078
9246
9852
9979
2340
4409
8070
9714
2687
5468
7071
594
8698
2501
739
309
4381
297
9455
4151
1244
7842
9523
936
5939
9669
1579
7959
7092
7009
2368
8003
8712
2064
2887
2981
5345
5199
4116
7463
3115
8196
949
6987
8591
1946
3013
4357
2806
3991
8892
6056
1345
1025
6618
3573
3432
1295
5935
8542
8815
7664
9846
8502
4442
6550
8440
5375
6989
7120
288
5108
5240
2821
5546
733
4177
5962
7624
9926
9619
9414
6528
886
399
4223
1669
2555
1856
4171
2033
5379
4618
6151
6241
1448
9114
7491
4482
223
9726
3736
2953
4002
2580
1301
7088
796
839
4620
2868
1580
4478
1868
1038
8866
6499
4426
3824
799
8674
7870
3381
5500
9427
1073
7367
5611
9725
4807
5579
6431
5078
3859
6469
1254
6038
6030
1068
9720
3661
5694
8774
5921
3827
4244
6303
3130
1989
9028
2363
9323
7523
1358
1781
9351
4375
5798
6491
5635
5057
4188
4724
2797
9356
9693
1427
1042
8052
9001
1009
466
2945
9913
8856
1799
7393
859
6503
7211
1724
8189
9430
7215
7749
2463
5883
3920
1689
7347
8512
7787
408
2492
1704
5132
4163
7129
8756
1017
4162
4602
4527
379
7108
9166
7675
2689
9340
1015
1370
3907
161
2924
9463
9078
4671
1090
4601
3903
8689
4104
9849
7710
8854
1386
6468
8403
5077
6869
4922
1205
5836
2578
205
3973
2770
5551
3111
3996
8630
9711
8208
2946
458
6283
7162
5135
9705
4910
8809
9410
2937
5447
3921
8934
7540
9511
2978
2605
5418
6866
2144
9567
2726
6920
1984
4959
1304
8150
7730
159
3063
4455
2651
7272
3856
7672
7384
4856
7747
8804
7262
8468
6372
8006
4846
4095
7592
932
8240
4881
7149
9923
6174
840
9171
1975
9454
3875
2769
137
8995
3519
1802
2510
2915
9138
8442
2992
565
3231
1826
849
3972
3053
3793
1500
2199
8685
7939
4774
6426
244
4875
6741
9262
6221
8100
8908
2436
1777
2416
6422
319
6010
3952
9522
5580
6915
2416
4671
203
3155
5557
8610
1338
1875
8907
5620
6986
3580
9815
7887
2515
452
4265
9006
5753
3084
4148
8133
9735
3999
6028
1396
7676
4216
8368
7323
8221
2628
746
4343
8327
6466
4531
2180
6806
5445
8374
7179
596
7491
2004
9139
6797
5694
5393
900
8144
3961
6180
2223
6633
3982
7549
2650
8805
7802
861
4367
8299
8323
5875
4128
2928
1200
627
6315
8137
9941
9228
3738
630
609
716
2119
9598
6784
9669
9805
4730
3964
8752
8445
9826
9615
1988
5291
7183
5058
4727
4803
9433
2140
2720
5854
6483
4370
6904
929
4283
3479
2932
3430
1737
8479
6710
3794
6334
2777
8923
2044
7766
7989
4857
8755
1797
3455
3531
38
3993
91
5645
4753
529
807
4715
3499
9713
5253
5594
7558
9604
9079
4463
8368
5238
7118
2599
5326
3862
8821
4912
7527
1295
3853
527
1471
1551
2575
7468
5604
5323
481
106
8459
8648
3892
7698
9163
7640
1098
4803
7248
7865
3090
2923
6188
4394
7996
8678
6723
2714
8294
4930
1781
3310
6378
778
211
8575
7407
796
7174
1544
6824
2623
6618
744
1377
5942
8575
481
949
6632
6306
9029
8465
8838
8841
9008
242
8349
1859
3792
2491
9169
5440
2
9598
928
546
2472
9684
298
546
6006
3996
6977
1836
8930
7502
6874
944
4150
3646
1522
432
3300
3927
4111
4462
3226
1221
6801
5585
1747
4819
6682
2722
7039
7531
5845
8943
436
8077
5431
4611
8330
508
6345
5977
3310
5870
3995
5240
4533
3037
9206
1307
1544
1499
8965
6124
8411
2837
6386
5107
1623
1286
8771
8119
8558
4207
742
5537
2590
8929
9728
9260
5545
7016
2187
1587
9529
7786
9159
6045
9349
6311
5428
6521
8532
1423
7284
7840
3255
337
4260
8152
3621
141
9430
6722
1428
2548
2959
8762
8904
8781
7816
6156
1790
6030
9173
7187
811
6796
9814
6827
4128
7062
5962
5428
1155
8664
9384
9399
821
7215
7829
3629
4546
4378
2649
5289
3204
3294
1560
7090
3938
6453
2420
9253
9276
4268
5120
437
17
4964
8809
4927
6021
8512
2464
8885
7657
917
4735
9108
9574
531
9283
4992
9580
7387
6031
9563
103
8860
6208
5778
4561
9950
6154
6671
4006
4882
6082
3803
597
8862
5423
9301
5968
6826
2373
2336
9148
2731
5709
9231
7971
2731
8789
6367
1850
8936
5975
9744
555
964
7430
3328
4534
2838
2570
8621
6115
8144
5962
9916
2213
7773
5065
2310
6217
5339
2926
9109
339
2363
4569
9384
911
3978
8267
3872
5545
352
4548
8787
2436
2658
4551
1793
4166
8979
6583
8480
8303
8607
8489
9953
7962
9014
3767
6535
798
3988
6859
9270
3504
594
8496
3643
5883
9662
6729
8751
5914
5696
3206
8569
4641
9030
1657
1702
7030
207
1422
7172
992
7053
2197
7370
8691
5931
174
2292
8983
4587
2172
8890
3403
5794
2406
7126
5638
9398
1871
1530
1497
5922
454
7563
6641
9268
1033
8768
9702
9860
108
507
3166
4011
1613
9887
8921
9136
8702
5275
1368
6251
4947
6191
4058
6821
5333
8438
951
987
1309
3082
7265
5191
4649
6865
6831
1446
4148
6997
8969
7320
2517
4618
4859
7933
4383
5254
7854
932
3956
7229
4738
4184
3522
9451
2201
9867
1311
7455
1189
6247
3022
1514
5643
942
5439
9027
9555
9442
5268
2064
5957
278
966
2805
6647
9160
6140
8618
9897
6694
8437
7864
7133
5931
4191
8315
4197
9697
8836
5850
8356
5530
4864
716
382
4139
4202
5224
2015
1234
5079
4183
374
940
614
8522
1920
7311
8986
7361
3790
3835
1657
1387
5690
4776
6497
7657
5371
5667
4183
2935
7054
4674
1487
3242
7655
6003
7907
2233
9675
3917
2074
2814
7131
78
2600
9398
8448
6275
8711
4828
345
214
5826
7308
1730
1218
6780
5682
3803
2420
4264
1499
5506
3773
7690
3908
1344
7360
3238
6289
5267
5173
320
3221
5029
5705
7698
4794
1922
8386
6375
4731
8930
7648
8255
2384
7607
8338
9176
3739
9747
1854
5018
1066
3511
6909
4070
9764
6516
7596
628
7177
9868
5753
9492
5864
9792
2711
4986
4259
8333
8904
3549
6756
4357
7600
7928
5466
1430
3979
633
303
6808
4550
8348
7087
5397
4103
9076
9581
2826
6827
9369
8515
6992
7094
6621
7753
9507
3232
9714
4593
1706
3699
5848
7096
8301
3313
6838
6656
984
8842
3066
7516
7027
9893
6539
1336
8370
5066
2460
5822
8126
575
8846
6343
8531
9666
9659
4982
3793
9751
5405
9258
9136
9817
535
1332
1656
1480
1466
7288
3169
3640
1256
9079
8019
7201
8935
3400
9116
6818
7047
4255
9962
9337
3350
5494
2081
5032
1869
3922
9340
3901
5166
913
9291
2597
2002
6193
5793
389
4137
7774
2085
9159
7326
2903
9461
6883
6378
8046
3677
5007
6114
7019
8103
5480
7060
9852
2556
234
1659
1603
224
4319
6618
4831
4005
2822
9108
1691
1759
9259
4653
7747
5737
3454
9416
4899
2013
9297
6437
6553
9030
9089
4359
2883
1958
6165
296
5087
8633
8725
8476
6823
5219
4624
1260
7847
4720
9109
4575
6135
2467
1794
5526
2307
270
368
6448
5168
3432
9808
720
3799
8617
606
3703
701
5434
4988
838
567
4430
6474
1496
6903
2739
4338
8768
5191
7437
6784
7069
528
6918
9271
2134
3741
5282
2071
7393
5859
7202
3404
9685
6108
5667
7687
5040
2913
2645
4138
6684
6299
7158
7684
9920
8850
1087
5550
203
6546
8940
7749
771
269
3950
3881
8890
1709
2596
3533
5960
7384
1530
4404
5531
4395
4658
5772
6658
8928
753
7790
6333
6909
6420
73
638
7533
124
268
6076
1087
4093
3807
6643
1252
3154
1158
6241
1172
4606
8754
2679
7531
51
9651
1596
9074
2876
4273
5938
3117
6077
1565
4473
8016
7541
4562
4439
5952
1886
4639
562
1737
9810
6628
6125
7797
2558
3420
3965
2240
6011
5744
6446
8161
3932
7994
7257
9327
7965
1291
8739
3056
4066
3486
4848
5817
5897
9034
5139
1813
2002
9078
6472
9940
1690
4898
2345
4516
3048
7916
1451
6187
5855
4154
4
3618
8453
6408
2227
5524
8527
8751
6461
9178
3447
7928
9506
9956
8004
5536
9950
8533
868
1255
3566
2884
9825
7784
3334
8863
1894
7375
2696
6848
5914
2588
1986
566
2720
6117
7231
571
9972
3296
7387
5637
595
7665
4042
9262
2644
9049
5970
9840
4539
8721
4161
4293
4853
8075
4834
3757
7292
4805
9920
6520
6862
7202
5551
4139
3313
2285
1106
4332
2766
2136
7348
3304
2325
7575
5663
6074
8393
6619
8695
4730
3425
151
6763
7203
5459
4928
7036
2063
2162
891
8430
6652
7085
3994
7088
6725
2584
5927
676
5603
5912
1791
4270
6473
8286
85
8287
8289
2155
5706
4803
2674
4727
6629
544
8574
5089
8162
5155
2063
415
520
4995
7515
3212
377
3892
8567
4240
4067
6846
1275
9967
2144
8161
7318
4899
3903
5557
8217
1270
8189
9050
292
2146
5676
4153
7500
407
725
1785
6551
7732
5
6143
5134
8669
6487
1056
7084
6566
537
3988
4048
9003
2655
3432
7297
6023
7110
2521
2726
2966
7271
1963
3288
8863
6821
1066
3083
3820
2874
88
4793
4258
1375
1384
5405
4926
7931
6451
2002
4336
4356
5503
4905
3911
5962
3604
2601
2672
9741
3308
9115
7567
479
4258
5723
1564
9101
6258
9066
4966
1955
1614
8454
5870
6283
1363
4919
8383
4585
2143
5107
6890
2430
4623
8648
6637
2202
8888
1323
5151
2704
1890
1155
3241
7586
4722
1670
3353
6127
9886
892
2347
8634
5061
6838
6439
661
9050
2302
3196
7844
2675
5266
2216
3716
963
1271
9706
1254
9716
4603
4263
5200
3324
2206
4343
8923
9946
9500
9177
6807
5471
3901
8724
7971
1670
383
3299
4074
4640
1251
2034
5889
1804
9589
1731
2865
7439
1402
8574
4020
6587
5936
3862
974
1820
3627
646
30
1649
8081
1851
8319
4679
9380
8186
5081
5669
1646
9563
1195
1179
5706
858
4510
3448
3533
3147
279
7161
8955
7075
8540
8873
7166
6776
6311
6858
4353
3670
4314
4117
1368
3450
2688
476
1447
1098
9211
4311
79
1386
627
7702
1688
52
5709
1115
4753
1517
1172
8641
2178
3506
4451
399
5585
9015
7513
798
3397
5453
8382
6182
1930
6326
8692
6374
1033
426
6615
7473
2886
230
3827
3789
9925
9997
774
7167
3170
6652
86
8441
5215
3299
7992
7749
5495
4956
1499
9251
4104
2897
923
5422
4537
8756
1434
6019
5071
7245
5059
2079
9018
6358
6149
5780
6861
4043
1569
54
7591
5202
3971
1722
6739
946
8085
9431
7969
685
2580
9177
3823
3683
9024
2534
3461
4035
6257
6317
7820
1554
4353
6569
6586
9602
1910
2254
2259
1324
8884
3175
2100
9716
9978
7609
7542
9181
7789
2253
5132
2691
8885
1991
6191
7790
4962
4231
4114
6343
5245
5354
9487
4281
737
5051
1162
9734
2289
9326
1135
8935
7870
6315
1208
8198
4474
6144
3645
1755
2065
8282
9581
2422
24
9798
181
3833
4610
665
8631
1228
2142
5634
2003
9229
7621
7339
4509
9087
3069
4255
5333
7273
655
6232
4902
1147
4893
7577
7644
7509
5552
7622
729
1740
5285
4084
6506
4414
8816
8291
5966
4725
486
588
9350
1155
8685
827
8047
4567
8262
9
4326
4
7439
8413
8886
886
8570
3678
8180
8769
1990
9328
2611
1694
1102
6811
7809
6242
6785
9562
6227
5274
6971
5639
744
7485
8420
1960
6025
9489
7598
3145
8259
3810
4943
1630
9212
9658
2011
144
9851
7412
3253
3260
401
4168
9459
1878
2809
6492
1207
9338
2343
4880
8795
7738
4194
2427
2247
6240
2574
5055
5198
607
2224
4466
6991
7183
2744
5760
2304
8590
6229
8648
6675
4788
8242
1741
2716
8492
1732
3661
4945
7735
4422
2078
3475
8404
6501
1385
7660
87
2069
7920
829
7311
5112
558
9467
5890
4786
7426
3832
8211
6887
4437
1541
5085
2535
5690
6976
1552
378
4676
7212
2490
2238
2485
3763
3976
786
5672
770
6814
8092
4423
2472
8827
4478
5651
4769
5941
6068
6060
7096
1763
3163
3285
7392
6570
4443
2098
6101
738
4194
5108
1801
3466
5945
6799
7158
5977
5490
2100
5203
679
5657
3964
4204
2639
8803
7909
8017
8391
1255
8685
2192
5439
7774
8049
2338
64
5911
1593
9958
4355
9135
5735
9186
2214
7406
70
388
9586
887
1367
2719
7883
4225
6481
1967
9651
6294
8462
5005
970
8096
1412
7209
7894
7559
2803
1064
1880
7793
6597
172
3381
9396
2025
747
5731
8891
5372
9293
37
7959
9119
3488
9168
434
1985
9030
9291
2726
5230
3303
2919
1606
3242
6276
6041
3378
4122
3877
79
1179
3769
426
8020
267
5923
4425
1144
5424
4124
129
5644
4638
5718
1752
821
7721
9326
2100
185
2681
2209
6729
8218
3995
4515
4730
6610
670
9781
4096
4783
2280
7740
1177
2879
7946
4897
2904
4681
10
5260
1179
8829
7897
5913
7310
2028
2041
7924
1415
9843
6510
583
1787
1995
5382
2448
225
9089
1749
7141
1522
5389
1996
6105
5661
2128
8989
4477
9870
6016
256
7477
9293
6300
3795
1083
6192
8194
2644
6424
7483
9589
4149
5714
7754
4297
6645
9708
7126
5840
6686
5222
3015
1848
1511
9742
6208
6559
8503
1424
4619
3626
9413
9287
5930
7755
319
2943
3029
7050
4351
3490
8852
2774
1308
7621
584
5804
1526
9159
8611
1896
1575
3233
5566
4234
4585
48
846
1419
8522
3743
8660
3207
1773
3869
5267
6454
2377
5292
5974
9998
3527
9671
3544
1705
457
6161
3288
4470
6396
3014
8649
6002
4990
1605
9261
7481
5382
6286
2271
9681
707
5165
572
9447
2690
1598
835
1354
7181
5600
549
4281
8206
6473
4614
7395
2166
1051
6525
3061
3940
333
4680
1176
4706
3566
6214
163
4748
743
7255
8118
2116
1247
6089
6906
1159
8608
8928
2635
7331
6247
5608
216
9038
3657
9072
9309
6821
1124
8569
1319
1654
1560
3053
5265
6172
1297
236
1690
120
2787
170
3363
6028
8017
5636
4340
614
1124
7263
8918
5929
8404
580
3739
8056
7760
6965
5443
5272
9387
3487
14
9375
7120
4900
7222
7433
465
8013
1778
7786
3424
1229
5636
1882
6537
9632
2982
5907
6129
1968
5648
1801
3820
4504
5172
844
4033
137
7655
8173
5062
4147
1032
6004
7413
5166
1294
6079
4116
2311
4312
2155
8085
7431
799
8732
5789
8976
2896
756
7314
246
7150
9551
5859
8144
7568
7356
5667
5738
6146
7742
2617
6044
9650
5790
1940
1718
6982
977
4881
4288
2306
3174
8809
2473
4103
4748
3081
815
3949
2327
7771
2465
407
4307
1290
6473
764
2853
6576
3625
2079
5406
651
6257
6724
4851
2479
8772
8046
2031
3308
7854
6911
3301
5140
3106
2114
8908
603
257
2656
6387
8719
9096
6774
9816
6602
4613
4790
2381
7322
2999
5423
4136
2056
7981
8584
1333
6253
2400
1011
3396
2764
3068
6978
4047
5372
1406
7918
4442
6683
8213
1898
3796
3159
1571
2924
4740
3696
919
9818
3317
5472
8145
4493
8564
574
9332
6724
877
9756
4932
9235
7793
4450
167
5422
9024
5611
8339
2353
3119
2857
2558
2777
2606
6386
8645
491
4172
4528
955
5732
8120
3322
8490
8109
4276
30
916
8403
1997
5812
1639
8674
3864
4137
5815
818
1266
1239
1628
8188
2066
13
7513
1126
8813
8685
296
7929
140
2354
1474
4044
5955
1409
2713
9958
6845
4674
3282
5175
2430
7806
585
7249
9558
8029
3156
1605
73
6134
5049
53
5233
9797
5913
641
1682
5251
2327
1651
2566
9706
4332
5416
6491
3502
2461
6662
8670
8087
8873
8320
4901
1213
4793
4100
288
7164
7048
1022
3335
8323
2634
6563
2576
9386
1051
6924
1231
4829
8998
6894
2226
7184
5090
8600
2633
6804
8082
7100
748
2998
4641
5448
9307
5922
2317
6973
3393
4290
929
8000
3709
1548
2526
2979
74
7334
5826
7074
6418
6469
9725
9202
1328
4532
8152
7429
2417
8166
7069
1387
5402
5990
9862
1595
9766
41
4483
2589
9480
6882
7423
4483
4676
7029
1114
2996
6644
4525
7466
3907
3066
3590
6878
7298
1309
9748
716
7887
7226
8571
6671
1163
9165
3905
7893
7041
119
8353
6695
4130
7523
7886
3878
6326
2430
4548
2477
5795
927
866
9214
1141
4673
76
6951
2461
5486
4343
9151
5129
3402
2477
6994
533
7690
2589
3322
5659
3269
270
3337
9004
4064
8152
9968
605
7371
7547
7573
9420
4249
9048
9917
7539
2510
7111
1162
2307
8521
5266
4149
1805
5381
700
2021
5369
1677
6913
7427
3353
7469
3887
9660
8221
8783
2317
6453
5349
6691
5028
1574
6958
7459
4551
9091
7725
9792
755
4197
3667
4518
835
3376
6008
871
6960
7318
8878
5998
8148
2321
8183
3708
9746
4499
2364
2962
5098
8188
1353
8750
31
291
723
318
9293
1744
6163
5111
7276
6805
426
1687
3053
2325
3549
9297
5717
9870
4638
8082
7608
791
7187
5904
1865
1475
5206
2066
4318
5352
1479
5909
8725
2840
1817
1109
1041
1406
5278
2840
2831
7276
6333
7342
3812
3882
5525
5752
7936
7771
3760
7699
8980
7535
8087
9527
9851
7746
4721
6224
9983
1866
2704
8551
6598
5179
7226
5426
1079
4260
1943
1394
7018
5140
2314
4239
2169
8005
5693
1731
967
6097
6950
3676
6076
6862
9667
6057
1775
7087
4936
4202
381
3476
2276
8610
6511
112
1242
1620
6093
1302
5964
1361
9148
5248
1028
3060
352
2801
2746
1419
7641
5177
2302
4906
1197
8926
8773
7272
5751
5411
7052
2960
6665
5760
2326
9341
394
9531
2013
6843
4878
7647
8107
4323
7084
9753
1790
9306
2366
1646
2944
8034
3011
8919
3883
9642
6008
5713
4158
8096
9932
7469
3923
6135
7501
2770
8350
6951
8092
7303
3556
2781
9321
7940
2650
5610
3684
6596
2733
4656
5165
5120
2179
3658
6762
4556
9871
2095
6311
5918
1508
5794
4423
2414
3890
2208
98
7568
5420
8154
4408
6665
3073
4420
9672
1058
8122
4023
5191
4119
4401
4651
7110
725
2618
1593
7
6845
950
3936
9534
9439
3628
6212
9405
6320
982
6778
5487
6454
4349
1775
3513
6840
8634
8679
2508
4173
8115
8748
9549
3300
8528
2708
3141
9479
2866
1605
9952
2591
4953
7770
3894
9507
320
1258
3732
1853
744
4557
8047
6156
1481
5822
5911
889
9748
5549
3824
3904
146
1319
9406
3261
2484
8327
1112
5289
1958
3015
3016
4698
3086
1621
2018
5441
6651
6920
9515
9945
9043
3796
7562
640
1354
3236
9273
6286
8573
6165
176
1652
4300
945
4464
5128
5028
7274
6577
4845
8221
4293
233
2892
634
8430
1909
8464
3567
3207
345
8890
4312
8538
5060
1123
7571
2596
1875
8587
2366
2700
5720
1529
1583
8025
520
3720
6962
6646
8933
1298
228
8147
4740
9268
9279
3289
2194
9405
5024
4525
6006
471
9140
4078
4480
4484
9883
4756
9328
5667
4864
9727
4859
8833
399
4874
1540
3007
2824
3612
9053
5556
2627
5292
2273
4844
6587
4371
5642
4911
7716
1258
1348
5958
7516
5177
2603
6215
5098
2530
3926
7636
7004
2403
6384
821
846
5409
3398
9877
6756
779
470
5066
5349
9852
8390
522
8504
889
2109
9274
7073
9078
9431
4933
1437
6699
103
717
8212
39
5651
2243
1015
3222
8993
9853
1314
5338
526
6955
3832
6586
3088
5262
7009
3649
5543
6257
5587
8091
4826
2701
6705
7609
3709
1945
1431
4188
9340
2754
5292
2676
9825
375
3254
659
9177
2160
327
1955
2758
412
3476
3462
8775
1841
3361
7546
7111
792
8780
5514
2350
4868
6572
4714
3666
2686
193
7722
6938
7503
8818
4299
567
382
9533
959
8113
5380
7405
9269
9829
2925
5088
9064
3020
9125
9637
3344
8489
5944
5823
6825
2509
744
9238
138
9814
3042
6978
7489
9463
7092
7021
6090
4058
4259
7811
4449
2619
4706
9971
7062
9067
1537
1396
241
1417
1206
5956
3298
8600
8790
277
7649
4423
3329
8836
5002
9975
3027
1758
7985
1219
8763
3850
139
8304
2971
1387
7087
9008
15
2692
1697
5316
3437
8479
3090
4270
6342
9219
1469
9091
1546
7333
1316
699
2646
295
2359
594
756
6546
7047
7337
4123
4334
4912
1525
6628
2604
8206
6999
5710
4432
2689
3596
3567
6475
2919
5982
2255
4202
5680
7540
4957
4826
2574
1405
2895
9758
2460
6409
1512
1885
6428
5595
8297
2663
3007
9291
8452
6333
5183
304
2744
8328
4519
8791
5518
5251
2610
7518
3833
5531
7058
8513
9119
2643
4414
3397
3590
9195
2125
3304
8281
7122
8660
3574
2595
1793
2357
1506
2019
4672
4728
8776
2513
1717
2630
4662
1604
85
42
2798
5808
105
7896
8974
4628
4962
2139
6940
4882
7641
2512
635
9807
4260
7215
4952
5670
5525
7376
83
3425
4305
9494
4311
5895
5064
5790
6865
9237
1765
9245
2403
8024
3779
3955
3784
8862
579
7558
5234
7939
5345
3149
7882
6287
7846
6337
3443
9547
2046
2192
5639
6340
9468
8013
227
8524
5466
6215
6457
6450
6258
1270
3203
1549
4885
1189
7921
4182
2527
1186
1854
1892
3070
9999
6989
5482
1955
5035
1588
2180
1308
960
5829
2665
1949
5332
5644
6818
7713
7797
1387
6972
5428
688
2533
3154
5818
231
8532
2839
2513
3845
3153
8898
4653
4987
8686
8296
6645
2184
5075
4778
1690
7939
4149
1426
6212
9699
3613
4466
613
4721
924
5308
5481
1555
4801
7618
1974
7409
6299
9579
7368
391
4555
3358
1158
4434
7830
2567
2784
9329
3363
4467
1584
4619
2048
4767
1254
9518
2917
4003
7736
4477
8657
7379
7163
604
3985
3251
5997
4825
5139
4074
1122
7990
8921
6974
6768
9320
7594
5928
2936
9389
7031
3355
5600
3716
8929
3111
8549
6730
255
8742
1029
2655
2524
4123
2948
3265
7265
728
4464
6042
8928
7370
110
2812
4635
1812
4663
741
9350
569
7301
3572
4663
462
8719
1166
6915
6600
137
7849
2405
5756
4302
5483
6120
1010
2551
4190
9248
6221
7043
3
4601
1307
8367
6792
7163
4781
4403
3003
6116
6548
1900
473
8254
1924
51
4317
3854
1241
4418
6902
1644
2575
618
1003
4189
2624
2795
3150
5214
8573
4762
711
1885
4546
7807
4806
5099
9133
5929
7187
9439
9678
6088
6691
3754
6230
4483
4877
1497
9318
1359
9354
815
9253
3593
7600
5021
3897
3880
8931
3475
5843
1649
5597
1627
5224
8475
287
9872
9819
8428
1236
3036
3437
9851
2214
9330
759
7401
9624
5446
3524
771
9011
4465
6976
2941
3074
4954
3572
4105
2193
8281
8631
8019
2072
2086
8219
5597
8651
1197
6139
5799
3962
6973
2807
5906
1791
5583
160
7602
6034
8145
833
1548
8542
5250
2479
6847
29
1205
2558
2552
9531
7177
8327
7552
2991
8994
40
9273
6702
2764
8609
7092
2612
6853
2261
1732
3182
489
3746
9594
9050
9847
3071
7373
7242
7458
8298
9265
6569
1798
3779
154
7790
1084
3636
2498
6991
5805
3974
225
5947
632
4734
5470
3629
93
5258
4970
8015
5283
6843
7384
9669
2871
3747
5698
1182
5872
5377
1031
3520
5021
6738
1951
8297
3284
1092
6460
3098
6218
6167
3999
7613
2563
2203
2277
3934
9576
6227
8792
2388
3562
2583
4088
8549
7021
1850
5159
3182
101
7343
5765
3333
9831
1842
2926
9038
1300
7246
5815
4099
5237
5051
9721
1190
5119
8084
5089
315
7373
7562
871
2907
8903
4583
7942
4270
6020
885
8416
5492
7457
8560
9623
1852
2668
44
4831
1609
2770
5108
5598
1386
2632
6645
2446
1887
797
4148
6360
9576
2560
9679
7544
7373
155
2752
3542
1413
7562
377
3884
1837
9858
4091
1846
9657
3217
6827
9656
8019
483
6707
7567
2099
2908
8869
9804
7006
9294
7105
7996
9305
9964
5662
9117
6692
7530
8286
200
4589
48
4565
5908
4076
6577
7735
8298
4482
168
7559
3593
9387
8080
2651
2917
8908
8974
509
7918
8635
5699
1146
1391
1636
8081
6991
710
9919
1083
4712
8597
1196
6319
1233
2784
9376
7305
5017
5076
4885
8616
7135
1072
7191
6607
4004
629
6115
7650
2941
864
2226
6257
7596
5595
5138
173
6833
6267
6932
8926
2428
690
1791
6725
625
7480
1188
1087
2478
535
6354
1625
7459
4928
1790
3344
5890
6731
9316
2675
1800
7837
7347
1334
5629
6709
9248
9951
5341
4839
7140
9926
156
7918
3550
5491
5672
1171
9030
4865
2580
4347
6216
7020
6107
658
8437
3005
3933
894
6989
8319
7537
5386
5841
507
2375
2644
1552
1176
7254
9060
8326
8531
9751
1090
5747
3537
972
5893
4090
1998
7788
740
92
8080
6952
8966
9518
7561
3461
6961
6475
8931
72
3857
1586
2018
7187
9020
3519
9797
8615
1175
2526
1255
1809
9412
8119
9880
3279
4251
1993
6430
1866
24
9870
8673
2280
1468
6292
5546
3612
9985
2497
2332
4013
8946
902
7643
3617
4438
922
4059
3903
1697
1674
1140
4912
7982
171
77
1096
8401
4615
7451
7050
7043
3874
8109
2709
5939
7329
8587
8596
9905
8430
9161
5543
6010
7572
7036
9328
2148
8456
6700
2132
3547
3559
6110
4170
7139
3288
4769
1588
8783
1816
9239
8944
3003
4075
3397
2862
3482
2910
3379
7558
2920
2787
2936
8280
6348
2449
601
2
976
5726
7748
8561
3533
7477
2301
1708
7684
8495
7128
2284
1350
3513
9939
4324
1214
8119
2862
426
7586
9998
9461
2387
5599
638
1589
1315
6608
6445
1194
8002
3014
3079
2848
6324
9208
3511
4025
7631
5110
8384
3125
8106
1623
4449
6676
8812
1762
6673
8465
1006
8876
9724
3541
2355
5269
3697
2202
599
8084
6602
1500
7553
5076
79
1561
4385
7206
3328
2084
3316
2858
3735
8084
8127
9478
4572
2138
8595
1945
2402
1726
9856
8010
2797
6050
7148
3410
8641
3786
7417
3785
2401
493
7391
612
2914
1355
7143
3718
5403
5722
8268
8564
3850
8140
5479
7183
1901
162
4396
843
3027
1907
6974
3670
8129
5335
2418
2977
6039
7986
4793
5071
7126
9601
1231
848
8191
7737
4822
3550
9715
3084
3647
1247
5446
820
710
603
6551
8564
1562
5953
5654
3973
1013
8881
3666
3606
5849
4793
9635
5719
6424
7398
1646
3936
3607
8389
1729
91
8024
5275
4032
3176
2888
5609
2683
9563
2999
899
9266
37
8043
4875
5484
1498
7338
5593
7141
7294
5459
1796
7665
7803
8112
342
5589
3099
8200
3352
4850
9546
7747
4158
2906
9452
4678
5095
9519
6952
3061
6783
2002
4023
3647
4480
5852
7750
2311
627
8087
9567
9725
7613
2315
1276
7114
13
9991
8326
7007
1175
1086
1531
8382
9400
7865
2984
1888
9706
8104
5844
295
3873
3509
8789
3091
5781
6121
4509
7439
7929
8101
4369
1788
5226
6314
1107
9721
1537
4898
6327
4146
7804
2425
2395
6649
7611
3929
9157
2614
4004
2762
2263
9852
7545
4574
2923
1776
8162
5003
4855
4876
7057
2975
5098
6856
338
2187
33
9086
1388
4999
6405
5355
7466
4375
8028
8856
4445
9350
1926
3202
704
281
1523
366
1508
6370
7202
8782
2434
4787
7255
5310
2241
5749
9666
9741
9883
3817
1614
849
2288
818
5295
7967
2390
3915
3617
4648
6621
4960
7208
6597
1495
1910
2325
5686
6726
8123
2525
7897
2236
7830
585
3004
9843
6178
4395
7961
6003
6444
551
9537
9468
7567
2288
9947
2450
8978
4105
2425
2768
6944
8954
9494
3971
5071
860
7867
4195
1206
7914
60
9682
5775
8234
8068
9250
4701
9496
51
793
3238
7231
2469
9319
922
6015
5730
7663
5043
5560
7444
7868
8320
3017
4503
4429
8925
2457
8654
4125
5793
4046
7881
3890
8453
1635
7632
9575
4998
7817
1753
1560
2230
2560
6070
1053
8719
2474
7916
9141
9613
90
3319
9973
2758
8223
3194
8073
4159
6531
9046
8050
7527
7222
591
4111
2021
8941
5243
8891
3291
2160
5908
625
7568
550
3949
1679
58
2653
4195
4031
8941
3239
7298
6893
6920
2747
6638
7969
9863
7107
5761
1339
9758
3813
648
9449
8340
904
9061
1948
3768
3779
8351
3373
9882
9329
6253
5463
5183
8289
6029
5704
7717
6079
5368
198
8075
2271
1269
3391
3108
2408
4063
1015
8263
7688
6621
5605
7352
2058
3973
2649
1759
6334
2295
8216
8289
264
8052
2322
8220
7191
9397
2507
8898
32
4613
8897
6848
226
9399
1459
7326
9367
4931
5601
5838
768
3949
6563
2562
9716
9032
6799
2696
7419
2503
8184
8437
9438
9205
233
5474
337
9489
9167
9596
2648
2346
5174
1840
5484
5757
2900
2518
3947
633
176
7971
7619
3691
3614
3270
5299
466
901
7718
8357
416
5803
6565
1770
5769
5023
4658
4969
7349
5708
3259
3669
8171
1103
6894
630
7242
8931
6426
2625
2201
994
2664
1112
1596
7039
3790
9040
5647
61
9998
4141
8706
9892
289
4593
8684
3455
7044
4128
3607
3483
316
8034
6574
760
8265
6478
6961
4237
6458
2752
3521
8747
2431
5863
3004
5878
9435
8121
594
7895
9753
2992
9211
5641
254
9951
3248
1380
7301
2280
6328
2643
8392
8436
3600
5836
9378
6661
7395
9735
4915
9751
1797
1903
8933
1715
6659
3943
6142
1717
3289
6075
2847
2592
4387
9484
3185
2343
523
2020
6904
3287
3145
1829
1938
1216
6494
7944
6247
6645
268
6522
5735
8267
8433
170
3382
6118
5709
643
1854
8124
2678
1237
227
1277
7232
8336
469
5394
8346
2091
4088
9257
3918
8233
1190
764
2850
8513
6890
5167
4378
5810
3902
199
765
7401
5662
2476
1150
1327
6807
7710
6961
5904
3910
3390
7598
4345
1229
4325
3142
4387
3182
851
1872
4361
4827
907
35
5425
2341
806
9788
1493
5102
9813
8134
1379
2993
2298
8737
4227
8958
8092
7419
3559
8267
7271
1089
4845
844
5628
7170
425
1806
1380
837
4925
2097
2148
8129
1332
9503
3264
1365
4097
1347
2096
9083
6033
4714
443
7148
4299
7348
4553
6952
2192
6829
3333
4859
2197
4508
2974
3046
766
4194
8113
9093
8038
8103
5568
2472
9253
3043
6531
3454
211
1633
6592
4655
2074
1137
7402
9357
1409
4901
9760
1793
8852
1304
1520
5888
8941
1972
7022
2551
1694
8601
970
4823
4460
1720
9262
590
5811
6258
5662
9208
3700
5752
4794
4320
2938
2901
9501
1892
3697
9060
4942
6957
5822
7351
9253
5497
841
3736
3787
8717
7483
8767
4095
8026
3929
4765
388
8049
3763
8472
7474
8352
968
3682
3351
1544
9239
7950
3017
9488
567
5640
2901
2320
3765
2194
4802
5748
8629
1065
3162
3400
9146
3947
9036
7391
3392
7799
1446
1166
3363
4191
899
6190
9987
7966
2986
5957
7140
9325
5671
5800
5123
989
3841
4489
6329
4851
51
3943
5475
9443
7889
5771
8999
164
776
8962
1286
1880
450
5144
5565
7392
5533
974
8758
8251
4010
3358
9830
9674
340
6189
1437
1235
9738
5001
1181
8017
2522
9396
5309
8099
6037
2730
9073
1505
6228
431
4276
9538
3551
870
5862
8245
9956
2371
6275
9715
3725
8195
7854
4393
5412
110
4191
9700
7517
267
9544
5896
2366
2788
8216
2086
6299
3090
4157
2931
3027
4105
7639
8554
1636
9537
3876
5469
2119
6982
6311
7846
8087
5638
1115
6003
9653
5481
2997
1128
8685
2255
4296
190
9431
4158
5241
8167
4139
3677
4889
7512
3886
4502
5656
7198
5873
3417
7836
128
7272
3346
4919
5602
4404
1643
3315
9979
4683
5208
5347
3298
5501
8484
9522
9110
1942
395
8972
8426
4470
6611
5280
7811
5237
5565
1152
1061
2126
3533
9732
8915
329
5762
7741
7035
4295
5085
5974
7025
2747
7120
1958
4689
8794
9459
2803
2022
7991
5411
3249
3076
8934
4753
5540
8729
6091
2882
4443
8673
7660
3565
8183
5036
9147
174
7278
6303
7277
4778
44
2314
8928
5733
4279
636
3497
8170
1946
3706
3445
5747
5273
2786
4744
8848
8012
9181
4644
6910
6269
3751
4770
6298
95
7731
163
2892
1129
7611
4137
4935
6613
6603
8682
2017
9284
9561
9197
8999
7024
5924
1380
8628
6569
8365
886
8937
6267
7213
7658
9390
2503
1090
7348
8812
5586
135
2653
852
5163
7502
2945
8277
6692
4399
7363
4603
2189
1290
3183
7285
4488
7877
9680
5952
4847
8311
8523
4319
1679
3894
7796
8145
1880
3342
5244
7595
6395
4917
9691
75
6764
4745
3791
1720
7274
2371
5283
263
879
3174
1692
7346
6814
9434
3527
8696
9185
8678
4140
6502
3368
269
750
5520
7521
6203
8753
7718
8763
4649
4708
3471
1418
8864
8712
5487
7296
1595
443
5843
3307
2216
726
4898
1445
3392
3600
817
4160
4171
2701
7040
6191
1793
7979
6450
6162
789
5326
3380
1346
7456
5206
8112
5822
7485
5465
1587
7932
133
1461
1899
3809
4410
9093
6588
4713
1629
5872
9546
6030
9075
943
3774
3152
6031
3837
6114
8162
5551
759
2420
5177
5202
7410
8008
472
3280
7520
5457
1721
9521
9925
4352
6878
7343
3130
4023
6945
2294
1326
1703
4895
1487
356
2853
3628
9154
1370
1066
8315
1536
7575
1278
787
1093
8164
8199
8008
854
1994
699
5977
5436
3796
7535
6188
3462
9693
4843
7022
4917
1970
600
6476
868
2233
6822
1511
6647
9771
2682
7232
6439
5501
492
6794
4920
1288
2073
6353
2533
2313
2365
7165
6537
1300
6055
4308
3441
1723
2023
4177
2566
2477
3015
6880
1263
7075
5692
2377
4101
7875
6181
6759
2706
3785
4875
8093
1721
3024
4336
2105
1255
6780
8898
9945
3364
775
6219
1708
9912
6646
5358
9050
9895
7444
1455
4026
7094
8104
3190
8885
2294
4842
8897
3467
5381
4064
670
582
4115
2845
4
7272
3809
2806
4490
9187
1925
487
363
3717
8270
1939
7016
4081
5847
3477
1870
2990
6694
5529
8453
9945
7200
1500
6433
7648
8629
482
6587
7487
9945
6046
7817
7316
5560
5542
3221
377
6202
4687
775
5417
6816
7663
2614
5668
9239
4369
8353
3253
8220
1925
9172
5168
4979
4261
4466
5333
7796
9083
7574
2993
9359
3679
3455
7577
3287
5529
5124
5849
5236
7780
7836
7243
8244
5474
9202
9693
2461
4376
643
726
7512
2300
1108
506
534
3952
8556
9886
4111
4764
7124
4565
3554
6044
1084
6515
1805
7623
7141
7325
8750
9430
3891
9732
2196
8197
34
8448
606
4848
6880
1543
5311
2834
2356
4157
7194
4959
2267
1349
9996
8888
9888
698
7189
7440
6939
7467
8779
6105
2459
3903
9743
3618
2048
1358
7522
2541
3136
9789
3706
2517
8595
3561
5821
5850
6294
1742
2039
8421
725
2491
7219
500
6419
2011
4405
8001
9612
4524
2092
5656
660
8385
4865
9356
2280
9749
1977
6464
1707
8830
8382
401
1531
22
5833
5218
8483
1949
7213
7641
8346
9458
8493
9174
3372
3066
549
7381
7788
7166
3945
8550
9606
7953
8212
3044
5854
4261
5753
8815
7207
807
3232
4394
2134
2927
5375
2053
8805
9913
5026
5860
2070
3390
3828
705
1800
1196
4840
364
276
1162
1001
4352
7203
7599
7422
6572
361
4396
8475
6378
9105
2919
5155
4506
5993
4697
8361
5262
686
9899
320
3615
3115
4856
4077
943
3801
3012
4509
5267
8796
8780
5868
1083
6784
7325
7467
1892
3624
1241
1063
4458
9066
3706
2225
5482
643
1595
4884
3846
8138
7114
8249
2228
560
7137
1871
7916
7708
5265
6009
8081
858
5924
4646
4214
7874
7760
8602
5323
200
2494
9951
6193
2599
792
9815
3716
3625
8089
5759
1451
6095
5545
6344
1274
5389
3778
2080
5426
4288
3861
6452
9620
4289
616
2070
7310
6079
2393
9825
6987
6571
2271
323
2876
3160
3395
727
1264
3520
58
8548
8962
4208
4541
4303
9309
1276
1281
185
7213
8963
4563
2549
557
5358
7056
7573
3915
3571
5907
3399
8808
3074
6522
4326
8152
1896
8206
1578
7508
366
6151
7063
1326
2107
1035
8547
1362
2592
8479
4062
6269
3288
6822
6934
5188
6816
514
427
3579
8469
8522
3064
626
6187
4182
6181
2704
7871
1843
5277
653
4338
1558
3269
6360
8324
443
1714
547
367
2674
3591
1187
137
1537
450
4271
8304
9517
9419
3697
5348
6843
9513
1880
5984
4585
9936
3758
2320
2241
8461
1265
2388
3368
6523
5799
6416
7057
9516
1522
7531
4976
8679
2112
6322
7519
3937
9978
1141
8487
2365
2924
3070
7967
7111
7339
4907
1289
579
4609
9393
1052
7244
5888
7819
5540
7130
6019
4192
2258
7692
1251
5370
2122
1227
2396
8052
2050
2142
9075
4335
8870
486
86
4319
9713
2081
7344
3811
9042
2687
9612
2312
8892
5795
7729
9751
8448
7910
839
213
9117
8616
9526
6382
7956
5524
9530
4002
7564
6673
6320
2175
3137
8008
5023
831
8975
7830
2575
4755
5276
8478
6086
69
2371
6643
2980
120
7301
3246
819
196
22
55
9880
8046
428
6093
4408
506
7145
501
3198
4326
9715
7848
8681
8758
3372
8133
928
4777
2410
7423
3996
2309
4544
5744
7920
230
9004
2009
2316
5832
7083
8063
7193
6309
2446
9176
5810
7226
4346
5972
4476
5571
6449
4270
9990
9714
1573
6152
5771
7555
8680
5216
8413
6789
8771
3733
5838
4748
8880
2127
6586
4296
1328
5655
8380
7157
3042
5782
9502
4654
5705
285
4259
3569
284
2878
5592
9692
4091
8405
8887
2129
7981
9915
6588
4531
178
9669
5059
954
2560
6456
7457
8008
7914
2346
9903
4431
310
959
9933
8840
2304
7077
5583
7190
3530
5466
8975
4624
2020
2215
3793
9300
7604
4610
4
1076
438
2828
1863
2180
4641
2628
915
2989
8349
686
157
2449
6381
5164
6230
9650
4323
2915
8105
6605
8309
3878
5744
2226
7742
3113
535
4165
3061
362
3341
9513
890
7685
3906
8038
5383
1900
3058
2674
5102
8539
7155
8139
6836
6158
5707
6264
8530
1660
2185
3526
8571
5382
1395
4824
4964
4214
6900
2957
289
3052
5358
912
2653
7996
9292
4863
6835
1490
7567
9341
3903
211
5278
4047
195
5128
4348
287
2711
3332
4667
5626
613
256
8938
4699
1834
223
5001
1789
4344
3221
9520
5273
6565
5372
7128
7234
9306
5090
1763
3714
9597
6173
3798
2273
8366
4271
5050
810
8496
800
3637
6753
7998
9918
325
6475
9977
9963
5305
7801
2757
8087
5168
1082
7852
1188
2069
2182
75
4873
4927
6881
1860
2630
198
5736
8329
4921
9539
5719
1280
6684
107
4707
1145
3709
167
5934
3160
284
4543
7142
5030
5178
379
3529
6690
1282
9599
2210
1394
6040
9079
9406
9697
9964
5946
8990
5537
6673
8030
5960
4072
639
5829
6852
3515
922
6172
1970
6275
8107
1740
3825
1952
3848
2987
6290
8324
2260
3982
2467
3937
7883
3472
3818
1546
6598
4792
210
6103
5519
7295
6045
3715
1887
9037
9425
4622
8303
4525
5031
716
2140
9961
3566
1956
6946
7362
8334
7171
3847
819
3620
9583
7879
4409
7060
5312
7266
1659
5808
2448
4434
7466
2007
4535
2394
1062
3355
6233
1992
7955
7350
5538
15
9655
3549
8684
7740
4316
2120
5445
2690
5307
6559
6954
4895
8645
5525
2602
1601
3803
6331
9153
1290
9297
3392
247
2102
3807
481
4156
3365
8069
5056
3100
9265
5107
2085
5660
8658
7432
1172
5421
4414
5761
2920
9126
8064
149
1597
5319
1120
1005
5258
8755
7017
2740
1425
496
7556
2973
6119
4820
4553
7293
3319
948
8105
1420
8449
4054
5986
7430
9429
1923
6527
7664
2386
5907
8839
8658
4148
9491
4405
4149
5414
4361
5962
8503
427
3097
2514
8343
1530
8074
2762
5888
5637
7038
5906
8122
7236
2780
8328
7079
1133
3595
1303
3620
6865
7677
1418
3892
4296
7501
2953
3319
7929
254
5430
3823
564
1368
5958
2459
4779
4954
1423
6457
9807
8638
843
3206
2263
4209
2107
7961
9333
484
6439
6341
6542
2436
8518
185
8576
4509
4013
8245
5003
3807
7122
5169
4532
5922
404
6019
2852
9226
3154
3332
5123
9346
7566
8964
5234
5459
2180
5405
6920
5316
6299
1940
721
7463
5287
8510
3909
5666
4034
8398
5136
8622
7778
5929
4001
6703
5930
6646
8117
9703
1359
2328
7766
5416
8663
3901
7465
3665
5527
2502
1958
9259
4502
3977
9931
1889
4322
4380
1271
4836
3937
9663
9064
6632
604
2944
7289
664
8061
324
8883
2139
8230
1541
4743
7755
4343
4325
5220
2138
9424
6561
5016
3992
7430
363
8623
1010
3354
5415
7152
2515
7341
1108
7790
3301
203
9113
8247
1742
9415
2216
7437
5011
8426
2592
6521
824
8371
4175
8669
1047
3028
3002
7930
1409
4551
5340
949
4101
4897
3450
9435
4548
7669
4440
7063
6052
9102
9584
8093
3030
6547
4108
3166
897
9144
3607
9711
6187
8440
1703
7486
6358
4545
9799
1259
7659
6061
387
5246
2807
2205
639
7224
3950
5556
465
3990
2344
4216
4890
8878
2855
3256
3294
2656
6128
7997
5868
60
1087
9370
9229
1028
7994
3010
66
395
1503
2666
1198
2628
7177
1187
6109
6316
1312
378
1689
2716
439
6963
1328
7369
2882
3540
9396
4033
171
1283
6892
2830
4550
9662
3663
7990
3934
995
1895
9448
7275
5511
4999
7719
3212
6001
5862
6789
923
6691
2950
7943
1957
4963
606
3980
7417
8103
3189
5314
1111
6766
1506
3427
9602
191
3700
1762
5447
6731
8207
9282
1643
3317
1262
3298
4581
3063
3061
3697
2383
90
5869
5638
1324
2852
2460
2320
7592
9642
2443
8448
4366
9890
1846
2389
4141
7763
9962
9578
3451
7333
7202
4017
844
3237
7863
2694
200
5587
7596
5521
9319
8988
7882
9868
8190
7223
4364
2750
3561
1705
7940
2550
7800
5353
1325
7441
7610
9130
7174
9260
8869
4897
3853
6358
6332
4838
7025
7011
7586
3128
9590
5725
1880
3359
1874
8376
8840
369
5505
4505
3807
7566
4954
6114
3828
415
8846
688
4655
6326
4423
4944
5732
2390
7014
5770
6601
6649
468
3037
1779
1006
8876
4661
2810
758
6832
4134
364
9377
5585
6898
8616
7678
6765
1842
9444
4203
7055
3241
7156
7697
5393
1356
9479
4301
5386
6656
2415
8000
2675
9946
6599
2063
8541
6720
6172
193
1211
8764
576
4361
4679
3847
8108
143
1051
4052
2133
1355
2635
6100
303
9776
6471
2331
1130
4119
2829
1070
5055
2645
2884
4137
7444
2922
4314
1677
9542
2893
9473
6
5708
3602
3002
8782
9400
6285
7999
618
833
4571
1238
6148
3263
7850
5286
2476
6931
1093
9548
3999
9226
7618
1285
7801
9073
1543
5964
3172
8128
6971
2027
5153
2507
6689
7383
9090
3936
3456
436
8926
3544
4708
3186
3966
4640
3626
7982
8436
7142
5715
1651
5161
477
6806
7508
3501
6596
8928
7695
3556
7173
2079
9006
3939
2670
9530
1223
5308
8884
1428
8350
1463
8350
5018
437
5538
6483
7294
3657
9463
1510
302
8014
9616
3764
499
5981
9194
1499
2907
950
1588
1686
9257
6938
7901
5148
6706
7436
3498
7649
80
1906
3508
5532
7969
1597
8187
2982
1254
861
432
941
4566
7717
2949
2157
6803
3899
8616
690
8080
326
1902
8424
6445
9932
6401
1907
8683
4580
1825
970
4400
5997
7573
9054
3653
217
5051
2080
1326
5264
6799
4056
5784
7481
8912
8982
883
9501
1368
5736
2031
1725
1259
4398
6191
8290
833
273
802
516
5123
1175
4768
2646
368
1948
9660
4449
5982
9872
1708
4867
7370
10
480
2246
6557
109
2040
7914
9606
9067
281
4119
7060
3380
751
5518
6878
1385
3784
9985
5994
7065
7155
5305
2262
6891
5057
3708
3675
7859
1353
3556
197
9827
6903
4473
3146
1345
7951
9439
5084
3466
8363
2244
4795
5877
2312
675
7905
5006
9511
5775
3420
9194
1277
1239
9970
7924
7669
7972
2011
133
4579
6565
9573
8856
4808
7774
3200
9351
8536
8074
2508
5723
4359
4689
103
1105
3923
8657
1957
9847
7218
527
1669
1215
7122
277
291
2114
2057
976
3890
5099
1015
6848
2222
2562
1809
6515
5857
4751
4038
2694
3579
6780
8595
5875
8772
2075
2138
645
3260
2149
2245
2186
4540
4655
1936
7626
6356
6048
1451
3035
5670
6500
1572
4670
3561
6592
5851
1991
925
3665
2075
5088
5170
1710
427
4082
3020
7028
9463
6723
5797
5994
6704
9984
1659
3134
6397
8874
325
2333
2862
7546
526
4788
6230
2207
3499
3958
2929
2179
2097
787
9580
8901
2162
8077
4067
5889
7691
3735
3683
9823
1881
6393
8669
730
768
345
4634
4210
9486
5991
874
4779
9021
4103
346
336
1140
6003
5800
1031
5842
363
3194
2675
7618
4123
3956
4854
1170
1701
2056
8254
2221
994
1715
5014
9795
848
9088
8622
7546
8954
9029
2697
5795
5256
1816
3085
4716
7230
4767
4415
8325
6037
3750
5566
30
9849
9458
2727
2891
9325
3888
4788
6061
5878
174
9539
4294
968
4413
6417
6822
3595
2498
9560
5550
2630
6288
9274
3978
4685
9029
2585
991
7921
6249
4769
7122
9858
7055
4162
6664
1675
69
3400
156
6336
1039
9979
1516
1557
3112
6609
3998
446
561
9304
7473
2032
6580
934
7943
202
7461
180
8263
5897
3555
2744
9719
2552
1364
3422
6517
1741
4908
9522
4363
8208
6909
3742
2284
5586
5067
6671
4553
5223
6041
2504
3701
7988
3833
6367
7181
9002
8342
4001
4203
341
7223
10
489
4086
5650
8304
2832
6634
8949
7832
5787
8291
9607
3501
7408
7096
572
1549
2565
8165
9747
605
6668
4552
8235
8825
1411
3958
7062
4327
4448
3070
3522
6676
9032
688
8674
2940
7626
259
2143
9619
7420
4904
3986
8108
3603
7618
8336
1246
1525
7808
1916
7808
649
7084
2818
9310
5817
746
3655
6775
8208
8634
6159
2856
8789
5128
5305
4721
1007
949
1686
5027
2348
8277
7994
5263
4508
9923
3907
9074
6224
2548
6290
7710
5690
8986
5458
1370
6015
5637
6878
9505
9976
76
3887
5937
767
3173
908
3901
1725
8412
7119
4857
3490
9921
8423
4424
9980
3007
4826
9756
7963
452
9533
3812
6174
9165
3086
1964
1947
8472
4450
1553
9366
1498
949
7032
5908
5844
2069
6921
6152
7653
4232
6311
8069
6268
4087
275
9940
2767
8839
4667
3273
1472
5684
8756
3942
7124
7506
9515
7457
754
6820
8030
6943
430
6818
3507
4400
9178
7324
6552
4723
6411
3447
2285
8921
152
5450
7680
4131
5252
2071
8375
6004
9540
6684
8784
7296
6582
5282
8463
6330
1967
6300
8259
2315
5292
4943
2512
445
7778
4746
8909
2642
3887
441
5081
1519
7902
322
9243
7717
6664
9861
7816
180
2651
4421
6283
9650
8234
5970
3105
6332
8457
7289
5329
5189
4995
4036
7194
5696
4389
946
1277
3556
3021
8842
8919
1751
1899
3920
306
451
2966
1983
369
1121
5086
7442
5782
5322
1238
137
8204
5188
4956
7586
4752
271
8921
4285
4176
9246
8336
7166
6557
4031
1016
5247
7203
8880
3200
2595
7164
4705
8105
815
3856
5836
8144
9137
3796
9016
8370
5848
4062
6945
3632
600
2222
7068
9705
9391
5576
7776
1790
3322
7384
9619
4480
1461
739
6042
9785
7380
9329
8558
109
3108
1773
7018
3195
9139
3406
8495
1645
2950
1256
6553
170
4026
7834
292
181
145
3199
8994
4943
4480
959
4828
2117
4890
349
9889
2286
4740
7108
2926
1217
1998
7211
2115
1274
1607
3395
5378
7861
2547
3066
1074
1483
2581
161
5579
8052
9131
9462
8636
5689
3738
2470
3546
2272
5190
782
7407
512
2516
5714
6521
3688
8481
4488
2637
2310
2513
9874
982
6807
5947
5533
4124
5760
2677
5550
1790
689
4338
9360
5921
8663
3468
4186
6701
3925
1382
2933
9109
8538
2831
1059
2498
6027
6378
5893
2864
6318
1421
4110
8751
2185
8735
2509
2559
2340
2873
2415
5413
6223
8339
9599
3518
3722
3400
4419
2186
2522
6056
8296
4218
3962
4055
9195
322
4344
9448
2238
6965
8458
7935
9050
8625
1904
3165
6806
2046
2014
242
7785
3208
5768
8169
313
4679
5223
6728
2860
9844
396
935
9002
4940
5907
8526
307
7337
373
1950
3550
3583
6278
6110
2479
5662
5247
7076
1384
4823
8053
4953
9689
9605
8245
7744
4687
2312
6322
5798
1403
3766
9035
5066
9514
5383
7656
3883
4846
2865
1236
5378
9508
7154
8815
4702
1706
1882
4504
8685
1222
2013
2359
4644
82
8534
322
2959
3219
8214
4267
913
5280
9682
1969
8586
1271
1101
1654
5727
9644
1704
5301
9286
3371
2699
1141
7755
9053
8616
8068
888
3996
852
4247
7789
7570
6270
864
9181
7700
3220
7850
4604
4629
9538
2657
6702
6511
9755
3937
8380
1791
7400
6345
5471
945
8756
8152
3215
6106
2387
254
1052
532
2091
660
6295
8905
2632
3504
6010
8034
3258
3577
5546
1092
6477
3988
5174
428
547
1244
1416
451
1035
8725
1218
6923
8351
2352
3075
9476
4134
6705
4732
7645
4070
7019
5279
6283
9505
591
9298
1544
3796
4640
2677
4109
7456
8311
6774
6756
7524
5773
1800
3862
5675
5219
8668
9156
8935
170
9626
3911
4509
9248
6869
2197
5394
3478
4495
8248
122
3316
6667
7414
2269
1927
8848
3646
9207
5213
6727
2362
5996
5025
7185
6340
1664
3134
3247
2866
6477
7675
3330
8385
1080
2164
9728
5838
698
4391
1419
9606
2259
2508
7737
3582
4113
363
1989
746
2744
4806
6546
3410
1387
2541
1237
2701
8096
4222
3296
1755
5404
6572
7682
8842
7552
1748
7749
4279
1336
9605
1314
8667
4896
3006
5939
5871
1744
5418
2762
5132
1637
6563
4931
7651
8738
8045
3604
1768
7316
3994
7130
9744
6166
6334
6076
7195
7297
4233
5509
1058
3799
8538
5500
6193
1246
1545
2625
8789
4150
3920
1017
8417
4287
4955
4829
7633
2262
6560
8685
5030
1427
1314
9740
5619
5774
6264
1497
3649
6426
5454
6198
2850
9227
5672
7133
593
6151
5729
8062
8264
2083
9123
9345
7089
8131
5078
6341
1341
2499
2908
7258
3133
3220
1326
2566
9208
9941
4646
157
6576
920
473
2612
4546
7910
2990
626
5456
2152
4066
2693
4101
4376
9319
7145
66
6743
2286
9847
9833
5493
8841
4532
8011
2274
795
4368
3798
4411
695
937
4137
8581
6949
8688
8786
8343
4890
7025
3919
6678
393
8868
4025
521
8201
9349
1833
1472
523
263
8544
950
6576
7183
4991
3328
148
8948
5983
3082
3257
115
2053
6657
5650
4910
235
2881
6724
6449
6935
9352
5059
7676
4279
209
3311
8835
1687
9451
6956
6886
3596
2749
8916
8066
9567
4078
3136
2914
1553
3276
9124
9438
5372
5099
1260
5811
4137
8839
4042
5610
584
6748
7833
2897
3253
5177
851
4003
3621
518
9179
4538
539
8633
596
3369
8756
9128
3318
8066
5747
5470
7866
2065
1043
7273
3231
6515
590
9234
2437
6107
3040
7300
1569
7992
3476
5318
9094
2171
777
9060
1940
2213
2493
44
6138
6023
8782
9535
1318
7838
2830
2613
4119
1637
6369
7235
4002
2886
5350
5539
4080
7255
3859
651
7624
6370
6706
3197
5662
8067
6710
4294
2009
5536
9084
9941
5342
7862
2855
630
7900
7696
7175
9907
6858
2229
8463
9174
1697
1318
6764
468
3939
8775
1294
7567
1611
4217
165
1167